13000082, 00000000, 00000000, 00000000, 00000000, 10000002, 00000000, 00000000, 
00000001, 00000000, 70000003, 00020100, 00000000, 00000000, 00000000, 70010004, 
00000000, 007c00f0, 480003fb, 00000020, 00000020, 70020042, 00000000, 00000000, 
00000400, 00000000, 00000000, 00000000, 00000000, 00000000, 00000000, 00000000, 
00000000, 00000000, 00000000, 00000000, 00000000, 00000000, 00000000, 00000004, 
00000000, 00000000, 00000000, 00000000, 00000000, 00000000, 00000000, 00000000, 
00000000, 00000000, 00000000, 00000000, 00000000, 00000000, 00000000, 00000000, 
00000000, 00000000, 00000000, 00000000, 00000000, 00000000, 00000000, 00000000, 
00000000, 00000000, 00000000, 00000000, 00000000, 00000000, 00000000, 00000000, 
00000004, 00000000, 00000000, 00000000, 00000000, 00000000, 00000000, 00000000, 
00000000, 00000000, 00000000, 00000000, 00000000, 00000000, 00000000, 00000000, 
00000000, 70030018, 00000000, 00000000, 00000000, 00000000, 00000000, 00000000, 
00000000, 00000000, 00000000, 00000000, 00000000, 00000000, 00000000, 00000000, 
00000000, 00000000, 00000000, 00000000, 00000000, 00000000, 00000000, 00000000, 
00000000, 00000000, 00000000, 70040008, 00000000, 00000000, 00000004, 00000000, 
00000000, 00000000, 00000000, 00000000, 00000000, 7300000b, ffff3400, 00000200, 
80000000, 00001516, 00000000, 0fff0fff, 00000000, 00000000, 00000000, 00000000, 
00000000, 00000000, 70070010, 00000000, 16131008, 221d1b1a, 18161010, 25221d1b, 
1b1a1613, 2622221d, 1b1a1616, 2825221d, 1d1b1a16, 30282320, 201d1b1a, 3a302823, 
221d1b1a, 45382e26, 26231d1b, 5345382e, 70070010, 00000001, 00000010, 00000000, 
00000000, 00000000, 00000000, 00000000, 00000000, 00000000, 00000000, 00000000, 
00000000, 00000000, 00000000, 00000000, 00000000, 00000000, 18c00101, 00000000, 
00000000, 13000002, 00000000, 00000000, 00000000, 00000000, 12000002, 00012800, 
00000000, 00000000, 12000002, 00012868, 00000000, 00000000, 10000002, 00000000, 
00000000, 000000ff, 00000000, 13004082, 00000000, 00000000, 00000001, 00000000, 
05000000, 